0.001
0.002
0.001
0.002
0.003
0.001
0.094
-0.000
-0.000
0.000
0.000
0.000
0.000
0.002
0.004
0.000
0.001
0.000
0.001
-0.000
0.000
0.000
0.000
0.000
-0.000
0.000
-0.000
0.001
0.001
-0.000
0.001
0.000
0.000
0.051
0.000
0.000
0.000
-0.000
-0.000
0.000
0.000
0.035
0.003
0.000
0.000
0.004
0.003
0.000
0.000
0.000
0.000
0.000
-0.000
0.000
-0.000
0.000
0.000
0.000
-0.000
0.000
-0.000
0.000
0.000
0.000
0.000
0.000
0.001
0.000
-0.000
0.001
-0.000
0.000
0.000
0.000
0.000
0.000
-0.000
-0.000
-0.000
-0.000
0.000
0.000
0.001
0.000
0.000
0.001
0.000
0.001
-0.000
0.000
-0.000
0.000
0.000
0.000
0.000
0.001
0.001
0.000
0.000
-0.000
0.000
0.001
0.000
0.000
0.000
-0.000
0.004
0.000
0.001
-0.000
0.000
0.000
0.000
0.000
0.000
0.000
0.000
0.000
0.000
0.000
0.000
0.000
0.000
0.000
0.000
0.000
0.000
0.000
0.000
0.000
0.000
0.000
0.000
0.000
-0.000
0.000
0.000
0.000
0.000
-0.000
0.000
0.000
0.000
0.000
0.000
-0.000
0.000
0.000
0.000
0.000
0.000
0.000
0.000
0.000
0.000
-0.000
-0.000
0.000
0.000
0.000
-0.000
-0.000
0.000
0.000
0.000
-0.000
0.001
-0.000
0.000
0.000
0.000
0.000
-0.000
0.000
0.000
0.000
0.000
0.000
0.000
0.002
0.000
0.000
0.000
0.000
0.002
-0.000
-0.000
-0.000
0.000
-0.000
-0.000
-0.000
0.000
0.000
0.000
0.000
-0.000
0.000
0.003
0.000
0.000
0.000
0.000
0.000
-0.000
-0.001
0.000
0.000
-0.000
-0.000
0.000
0.000
0.003
0.001
0.000
-0.000
0.001
0.001
0.000
0.001
0.000
0.000
0.001
0.000
0.000
0.000
0.001
0.000
0.006
-0.000
0.000
0.000
0.000
-0.000
-0.000
0.000
0.000
0.001
-0.000
-0.000
-0.000
-0.000
0.000
-0.000
0.000
0.001
0.000
0.000
0.000
0.000
0.000
0.000
0.000
0.000
0.000
0.063
0.010
0.002
0.003
0.001
0.000
-0.000
0.000
-0.000
-0.000
