0.001
0.000
0.000
0.000
0.003
0.000
0.101
0.001
0.000
0.000
0.000
0.000
0.000
0.002
0.006
0.000
-0.000
0.000
0.000
0.000
-0.000
0.000
0.000
0.000
0.000
0.000
-0.000
0.000
0.001
0.001
0.000
0.000
0.000
0.063
0.000
0.000
0.000
-0.000
0.000
-0.000
0.000
0.022
0.002
0.000
0.003
0.006
0.001
0.000
-0.002
0.000
0.000
0.000
-0.000
-0.001
-0.000
0.000
-0.001
0.000
0.000
0.001
0.000
0.000
0.000
0.000
0.000
0.000
0.001
0.000
0.000
0.000
-0.000
0.000
0.000
0.000
-0.000
0.000
0.000
0.000
0.000
0.000
0.000
0.000
0.001
0.000
0.000
0.001
0.000
0.000
-0.000
0.000
0.000
0.000
0.000
0.001
0.000
-0.000
0.001
0.000
0.000
0.000
0.000
0.000
0.000
0.000
0.000
0.000
0.005
0.000
0.000
0.000
0.000
0.000
-0.000
0.000
0.000
0.000
0.000
0.000
0.000
0.000
0.000
0.000
0.000
0.000
0.000
0.000
0.000
0.000
0.000
0.000
0.000
0.000
0.000
0.000
0.000
0.000
0.000
0.000
0.000
0.000
0.000
0.000
0.000
0.000
0.000
-0.000
0.000
0.000
0.000
0.000
0.000
0.000
0.000
0.000
0.000
-0.000
0.000
0.000
-0.000
-0.000
0.000
-0.000
0.000
0.000
-0.000
-0.001
-0.000
0.004
0.000
0.000
0.000
0.000
-0.000
-0.000
0.000
0.000
0.000
0.000
0.000
0.001
0.000
0.000
0.000
-0.000
0.002
0.000
0.000
0.000
-0.000
0.000
0.000
0.000
0.000
0.000
-0.000
-0.000
0.000
0.000
0.004
0.000
0.000
0.000
0.000
0.000
0.000
0.000
0.000
0.000
0.000
0.001
0.000
0.000
0.001
0.000
0.000
0.000
-0.000
0.000
0.000
0.000
0.000
0.000
0.000
0.000
0.001
0.000
0.000
0.000
0.003
0.000
0.000
0.000
0.000
0.000
0.000
-0.000
0.000
0.001
0.000
-0.001
0.000
0.000
-0.000
0.000
0.001
0.001
0.000
-0.000
0.000
0.000
0.000
0.000
0.000
0.000
-0.000
0.106
0.005
0.003
0.001
0.003
0.000
0.002
-0.000
0.000
-0.000
