0.001
0.000
0.000
0.000
0.000
0.000
0.110
0.000
0.001
0.000
0.000
0.000
0.000
0.000
0.009
-0.000
0.000
0.000
0.003
0.000
-0.000
0.000
0.000
0.000
-0.000
-0.000
0.000
0.000
0.000
0.000
-0.000
0.000
0.000
0.005
0.000
0.000
0.000
-0.000
0.000
0.000
0.000
0.077
0.002
-0.000
0.002
0.002
0.001
0.000
-0.000
0.000
0.000
0.000
0.000
0.000
-0.000
0.000
-0.000
0.000
0.000
0.001
-0.000
0.000
0.000
-0.000
0.000
0.000
0.001
0.000
-0.000
-0.000
0.000
0.000
0.000
0.000
-0.000
0.000
0.000
0.000
0.000
0.000
0.000
0.000
0.000
0.000
0.000
0.000
0.000
0.002
0.000
0.000
0.000
0.000
0.000
0.002
0.000
0.000
0.000
0.000
0.000
0.000
-0.000
0.002
0.000
0.000
0.000
-0.000
0.005
0.000
0.000
-0.000
0.000
0.000
0.000
0.000
-0.000
0.000
0.000
0.000
0.000
0.000
0.000
0.000
0.000
0.000
0.000
0.000
0.000
0.000
0.000
0.000
0.000
0.000
0.000
0.000
-0.000
0.000
0.000
0.000
0.000
0.000
0.000
0.000
0.000
0.000
-0.000
0.000
0.000
0.000
0.000
0.000
0.000
0.000
0.000
0.000
0.000
0.000
0.000
0.000
0.000
0.000
0.000
0.000
0.000
0.000
0.000
-0.000
-0.000
-0.000
0.000
0.000
0.000
0.000
0.000
0.000
0.000
0.000
0.000
0.001
-0.000
0.000
0.000
0.000
0.000
0.000
0.002
0.000
0.000
0.000
0.000
-0.000
0.000
0.000
0.000
0.000
0.000
0.000
0.000
0.000
0.001
0.000
0.000
0.000
0.000
0.000
0.000
0.001
0.000
-0.000
-0.000
0.000
-0.000
0.000
0.001
-0.000
0.000
-0.000
0.000
0.000
0.000
-0.000
0.000
0.000
0.000
0.000
0.000
-0.000
0.000
0.000
0.006
0.001
0.000
-0.000
0.000
0.000
0.000
0.000
0.000
-0.000
0.000
-0.000
-0.000
-0.000
-0.000
0.000
0.000
-0.000
-0.001
-0.000
0.000
0.000
0.000
0.000
0.000
0.000
-0.000
0.057
0.005
0.002
0.001
0.006
0.000
0.000
0.000
0.000
0.000
