0.001
0.001
0.000
0.001
0.002
0.000
0.102
0.000
0.000
0.000
0.000
0.000
0.000
0.001
0.006
0.000
0.000
0.000
0.001
0.000
0.000
0.000
0.000
0.000
0.000
0.000
0.000
0.000
0.001
0.000
0.000
0.000
0.000
0.040
0.000
0.000
0.000
0.000
0.000
0.000
0.000
0.045
0.002
0.000
0.002
0.004
0.002
0.000
-0.001
0.000
0.000
0.000
0.000
-0.000
0.000
0.000
-0.000
0.000
0.000
0.001
0.000
0.000
0.000
0.000
0.000
0.000
0.001
0.000
0.000
0.000
0.000
0.000
0.000
0.000
0.000
0.000
0.000
0.000
0.000
0.000
0.000
0.000
0.001
0.000
0.000
0.001
0.000
0.001
0.000
0.000
0.000
0.000
0.000
0.001
0.000
0.000
0.001
0.000
0.000
0.000
0.000
0.001
0.000
0.000
0.000
0.000
0.005
0.000
0.000
0.000
0.000
0.000
0.000
0.000
0.000
0.000
0.000
0.000
0.000
0.000
0.000
0.000
0.000
0.000
0.000
0.000
0.000
0.000
0.000
0.000
0.000
0.000
0.000
0.000
0.000
0.000
0.000
0.000
0.000
0.000
0.000
0.000
0.000
0.000
0.000
0.000
0.000
0.000
0.000
0.000
0.000
0.000
0.000
0.000
0.000
0.000
0.000
0.000
0.000
0.000
0.000
0.000
0.000
0.000
0.000
-0.000
0.000
0.001
0.000
0.000
0.000
0.000
0.000
0.000
0.000
0.000
0.000
0.000
0.000
0.001
0.000
0.000
0.000
0.000
0.002
0.000
0.000
0.000
0.000
0.000
0.000
0.000
0.000
0.000
0.000
0.000
0.000
0.000
0.003
0.000
0.000
0.000
0.000
0.000
0.000
0.000
0.000
0.000
0.000
0.000
0.000
0.000
0.002
0.000
0.000
0.000
0.000
0.000
0.000
0.000
0.000
0.000
0.000
0.000
0.000
0.000
0.000
0.000
0.005
0.000
0.000
0.000
0.000
0.000
0.000
0.000
0.000
0.001
0.000
-0.000
0.000
0.000
0.000
0.000
0.000
0.001
-0.000
0.000
0.000
0.000
0.000
0.000
0.000
0.000
0.000
0.075
0.007
0.002
0.002
0.003
0.000
0.001
0.000
0.000
0.000
